0.00625, 39982.0, 36371.0, 33942.0, 31785.0, 29617.0, 27545.0, 25351.0, 23243.0, 21215.0, 19291.0, 17242.0, 15294.0, 13434.0, 11502.0, 9744.0, 7831.0, 6005.0, 4558.0, 3196.0, 1577.0,
0.0125, 39981.0, 36060.0, 33226.0, 30706.0, 28352.0, 26099.0, 23843.0, 21747.0, 19813.0, 17954.0, 16105.0, 14156.0, 12340.0, 10646.0, 8982.0, 7388.0, 5861.0, 4495.0, 3166.0, 1394.0,
0.025, 39981.0, 35382.0, 32067.0, 29262.0, 26641.0, 24274.0, 22085.0, 20087.0, 18066.0, 16149.0, 14228.0, 12521.0, 10829.0, 9195.0, 7748.0, 6221.0, 4769.0, 3478.0, 2314.0, 1241.0,
0.05, 39982.0, 34928.0, 31123.0, 27968.0, 25141.0, 22796.0, 20614.0, 18603.0, 16523.0, 14733.0, 13016.0, 11322.0, 9698.0, 8059.0, 6573.0, 5240.0, 4113.0, 3031.0, 2082.0, 1051.0, 
0.1,
0.2,
0.4, 39983.0, 34041.0, 29425.0, 25098.0, 21636.0, 18503.0, 15802.0, 13492.0, 11347.0, 9614.0, 7905.0, 6461.0, 5264.0, 4107.0, 3179.0, 2320.0, 1598.0, 1058.0, 550.0, 195.0,



